i		j		T
1		1		100.000000
1		2		0.000000
1		3		0.000000
1		4		0.000000
1		5		0.000000
1		6		0.000000
1		7		0.000000
1		8		0.000000
1		9		0.000000
1		10		0.000000
1		11		0.000000
1		12		0.000000
1		13		0.000000
1		14		0.000000
1		15		0.000000
1		16		0.000000
1		17		0.000000
1		18		0.000000
1		19		0.000000
1		20		0.000000
1		21		0.000000
1		22		0.000000
1		23		0.000000
1		24		0.000000
1		25		0.000000
1		26		0.000000
1		27		0.000000
1		28		0.000000
1		29		0.000000
1		30		0.000000
1		31		0.000000
1		32		0.000000
1		33		0.000000
1		34		0.000000
1		35		0.000000
1		36		0.000000
1		37		0.000000
1		38		0.000000
1		39		0.000000
1		40		0.000000
1		41		0.000000
2		1		100.000000
2		2		49.737122
2		3		29.713554
2		4		20.168369
2		5		14.842422
2		6		11.484967
2		7		9.173406
2		8		7.480127
2		9		6.184561
2		10		5.162282
2		11		4.337710
2		12		3.662004
2		13		3.101917
2		14		2.633789
2		15		2.240142
2		16		1.907655
2		17		1.625910
2		18		1.386591
2		19		1.182948
2		20		1.009431
2		21		0.861432
2		22		0.735097
2		23		0.627183
2		24		0.534946
2		25		0.456061
2		26		0.388550
2		27		0.330726
2		28		0.281148
2		29		0.238582
2		30		0.201970
2		31		0.170403
2		32		0.143094
2		33		0.119365
2		34		0.098624
2		35		0.080354
2		36		0.064099
2		37		0.049451
2		38		0.036044
2		39		0.023540
2		40		0.011625
2		41		0.000000
3		1		100.000000
3		2		69.234947
3		3		48.948761
3		4		36.117546
3		5		27.716413
3		6		21.924114
3		7		17.728611
3		8		14.562638
3		9		12.095940
3		10		10.126974
3		11		8.526676
3		12		7.208520
3		13		6.112011
3		14		5.193237
3		15		4.419269
3		16		3.764716
3		17		3.209546
3		18		2.737659
3		19		2.335922
3		20		1.993494
3		21		1.701349
3		22		1.451921
3		23		1.238830
3		24		1.056678
3		25		0.900882
3		26		0.767541
3		27		0.653327
3		28		0.555398
3		29		0.471317
3		30		0.398996
3		31		0.336637
3		32		0.282691
3		33		0.235814
3		34		0.194841
3		35		0.158748
3		36		0.126635
3		37		0.097697
3		38		0.071209
3		39		0.046506
3		40		0.022967
3		41		0.000000
4		1		100.000000
4		2		78.253929
4		3		60.729065
4		4		47.636711
4		5		37.981667
4		6		30.766584
4		7		25.254431
4		8		20.946032
4		9		17.509758
4		10		14.723185
4		11		12.433701
4		12		10.533602
4		13		8.944592
4		14		7.608112
4		15		6.479219
4		16		5.522636
4		17		4.710145
4		18		4.018826
4		19		3.429833
4		20		2.927519
4		21		2.498794
4		22		2.132646
4		23		1.819771
4		24		1.552279
4		25		1.323465
4		26		1.127611
4		27		0.959842
4		28		0.815984
4		29		0.692465
4		30		0.586219
4		31		0.494605
4		32		0.415349
4		33		0.346479
4		34		0.286280
4		35		0.233251
4		36		0.186067
4		37		0.143549
4		38		0.104630
4		39		0.068333
4		40		0.033747
4		41		0.000000
5		1		100.000000
5		2		83.051765
5		3		68.076920
5		4		55.718678
5		5		45.807102
5		6		37.906292
5		7		31.576683
5		8		26.457514
5		9		22.274117
5		10		18.822563
5		11		15.951614
5		12		13.547884
5		13		11.524946
5		14		9.815716
5		15		8.367184
5		16		7.136793
5		17		6.089904
5		18		5.198003
5		19		4.437403
5		20		3.788288
5		21		3.233989
5		22		2.760420
5		23		2.355643
5		24		2.009509
5		25		1.713379
5		26		1.459878
5		27		1.242710
5		28		1.056482
5		29		0.896576
5		30		0.759025
5		31		0.640415
5		32		0.537800
5		33		0.448631
5		34		0.370687
5		35		0.302025
5		36		0.240931
5		37		0.185877
5		38		0.135482
5		39		0.088483
5		40		0.043698
5		41		0.000000
6		1		100.000000
6		2		85.876266
6		3		72.808273
6		4		61.354099
6		5		51.621948
6		6		43.474991
6		7		36.688736
6		8		31.033487
6		9		26.306921
6		10		22.341650
6		11		19.002649
6		12		16.181730
6		13		13.791967
6		14		11.763006
6		15		10.037405
6		16		8.567854
6		17		7.315087
6		18		6.246291
6		19		5.333900
6		20		4.554654
6		21		3.888860
6		22		3.319802
6		23		2.833258
6		24		2.417112
6		25		2.061024
6		26		1.756160
6		27		1.494965
6		28		1.270968
6		29		1.078621
6		30		0.913156
6		31		0.770472
6		32		0.647027
6		33		0.539753
6		34		0.445982
6		35		0.363377
6		36		0.289875
6		37		0.223638
6		38		0.163006
6		39		0.106459
6		40		0.052575
6		41		0.000000
7		1		100.000000
7		2		87.645096
7		3		75.925934
7		4		65.267654
7		5		55.851780
7		6		47.683228
7		7		40.670059
7		8		34.681084
7		9		29.578770
7		10		25.234833
7		11		21.535992
7		12		18.384838
7		13		15.698624
7		14		13.407389
7		15		11.452038
7		16		9.782605
7		17		8.356778
7		18		7.138657
7		19		6.097733
7		20		5.208044
7		21		4.447466
7		22		3.797130
7		23		3.240926
7		24		2.765093
7		25		2.357865
7		26		2.009175
7		27		1.710403
7		28		1.454164
7		29		1.234117
7		30		1.044817
7		31		0.881573
7		32		0.740337
7		33		0.617600
7		34		0.510310
7		35		0.415793
7		36		0.331691
7		37		0.255900
7		38		0.186523
7		39		0.121818
7		40		0.060160
7		41		0.000000
8		1		100.000000
8		2		88.778275
8		3		77.982834
8		4		67.938980
8		5		58.834515
8		6		50.736347
8		7		43.627491
8		8		37.442368
8		9		32.092617
8		10		27.483322
8		11		23.522085
8		12		20.123468
8		13		17.210783
8		14		14.716389
8		15		12.581265
8		16		10.754275
8		17		9.191295
8		18		7.854359
8		19		6.710865
8		20		5.732853
8		21		4.896355
8		22		4.180840
8		23		3.568726
8		24		3.044956
8		25		2.596635
8		26		2.212717
8		27		1.883734
8		28		1.601565
8		29		1.359240
8		30		1.150766
8		31		0.970983
8		32		0.815432
8		33		0.680252
8		34		0.562083
8		35		0.457981
8		36		0.365348
8		37		0.281868
8		38		0.205451
8		39		0.134181
8		40		0.066266
8		41		0.000000
9		1		100.000000
9		2		89.485245
9		3		79.288261
9		4		69.671120
9		5		60.811180
9		6		52.800430
9		7		45.661522
9		8		39.368652
9		9		33.866413
9		10		29.084202
9		11		24.946026
9		12		21.376665
9		13		18.305174
9		14		15.666653
9		15		13.402916
9		16		11.462503
9		17		9.800339
9		18		8.377192
9		19		7.159093
9		20		6.116719
9		21		5.224823
9		22		4.461700
9		23		3.808719
9		24		3.249891
9		25		2.771506
9		26		2.361805
9		27		2.010705
9		28		1.709551
9		29		1.450912
9		30		1.228396
9		31		1.036497
9		32		0.870461
9		33		0.726166
9		34		0.600026
9		35		0.488900
9		36		0.390016
9		37		0.300901
9		38		0.219325
9		39		0.143242
9		40		0.070741
9		41		0.000000
10		1		100.000000
10		2		89.874542
10		3		80.013992
10		4		70.646255
10		5		61.938904
10		6		53.992966
10		7		46.849865
10		8		40.504684
10		9		34.920605
10		10		30.041500
10		11		25.801647
10		12		22.132511
10		13		18.967136
10		14		16.242695
10		15		13.901818
10		16		11.893075
10		17		10.170959
10		18		8.695580
10		19		7.432196
10		20		6.350704
10		21		5.425105
10		22		4.632998
10		23		3.955122
10		24		3.374929
10		25		2.878216
10		26		2.452794
10		27		2.088205
10		28		1.775471
10		29		1.506879
10		30		1.275794
10		31		1.076502
10		32		0.904066
10		33		0.754207
10		34		0.623201
10		35		0.507787
10		36		0.405085
10		37		0.312529
10		38		0.227801
10		39		0.148778
10		40		0.073475
10		41		0.000000
11		1		100.000000
11		2		89.999016
11		3		80.247032
11		4		70.961220
11		5		62.305466
11		6		54.382965
11		7		47.240631
11		8		40.880013
11		9		35.270252
11		10		30.360012
11		11		26.087044
11		12		22.385128
11		13		19.188717
11		14		16.435749
11		15		14.069177
11		16		12.037619
11		17		10.295453
11		18		8.802581
11		19		7.524017
11		20		6.429404
11		21		5.492492
11		22		4.690653
11		23		4.004414
11		24		3.417042
11		25		2.914168
11		26		2.483460
11		27		2.114335
11		28		1.797705
11		29		1.525763
11		30		1.291793
11		31		1.090011
11		32		0.915418
11		33		0.763683
11		34		0.631036
11		35		0.514174
11		36		0.410182
11		37		0.316463
11		38		0.230670
11		39		0.150652
11		40		0.074400
11		41		0.000000
12		1		100.000000
12		2		89.874573
12		3		80.014038
12		4		70.646339
12		5		61.939011
12		6		53.993099
12		7		46.850025
12		8		40.504868
12		9		34.920807
12		10		30.041721
12		11		25.801884
12		12		22.132765
12		13		18.967402
12		14		16.242971
12		15		13.902103
12		16		11.893367
12		17		10.171257
12		18		8.695879
12		19		7.432497
12		20		6.351004
12		21		5.425401
12		22		4.633290
12		23		3.955407
12		24		3.375206
12		25		2.878483
12		26		2.453051
12		27		2.088450
12		28		1.775702
12		29		1.507095
12		30		1.275995
12		31		1.076687
12		32		0.904234
12		33		0.754358
12		34		0.623334
12		35		0.507901
12		36		0.405180
12		37		0.312605
12		38		0.227858
12		39		0.148816
12		40		0.073494
12		41		0.000000
13		1		100.000000
13		2		89.485306
13		3		79.288376
13		4		69.671280
13		5		60.811390
13		6		52.800690
13		7		45.661835
13		8		39.369003
13		9		33.866802
13		10		29.084629
13		11		24.946484
13		12		21.377151
13		13		18.305683
13		14		15.667184
13		15		13.403465
13		16		11.463066
13		17		9.800911
13		18		8.377769
13		19		7.159672
13		20		6.117296
13		21		5.225393
13		22		4.462262
13		23		3.809268
13		24		3.250425
13		25		2.772021
13		26		2.362299
13		27		2.011176
13		28		1.709996
13		29		1.451329
13		30		1.228783
13		31		1.036853
13		32		0.870784
13		33		0.726456
13		34		0.600281
13		35		0.489119
13		36		0.390199
13		37		0.301047
13		38		0.219435
13		39		0.143315
13		40		0.070777
13		41		0.000000
14		1		100.000000
14		2		88.778351
14		3		77.982986
14		4		67.939209
14		5		58.834808
14		6		50.736710
14		7		43.627926
14		8		37.442863
14		9		32.093166
14		10		27.483921
14		11		23.522728
14		12		20.124153
14		13		17.211502
14		14		14.717136
14		15		12.582038
14		16		10.755067
14		17		9.192099
14		18		7.855170
14		19		6.711679
14		20		5.733663
14		21		4.897157
14		22		4.181629
14		23		3.569498
14		24		3.045706
14		25		2.597360
14		26		2.213412
14		27		1.884395
14		28		1.602190
14		29		1.359826
14		30		1.151311
14		31		0.971483
14		32		0.815887
14		33		0.680660
14		34		0.562441
14		35		0.458289
14		36		0.365605
14		37		0.282074
14		38		0.205605
14		39		0.134283
14		40		0.066317
14		41		0.000000
15		1		100.000000
15		2		87.645187
15		3		75.926117
15		4		65.267929
15		5		55.852139
15		6		47.683670
15		7		40.670586
15		8		34.681686
15		9		29.579433
15		10		25.235558
15		11		21.536770
15		12		18.385666
15		13		15.699494
15		14		13.408295
15		15		11.452972
15		16		9.783563
15		17		8.357752
15		18		7.139639
15		19		6.098717
15		20		5.209024
15		21		4.448437
15		22		3.798086
15		23		3.241861
15		24		2.766002
15		25		2.358742
15		26		2.010016
15		27		1.711204
15		28		1.454921
15		29		1.234827
15		30		1.045477
15		31		0.882180
15		32		0.740888
15		33		0.618093
15		34		0.510743
15		35		0.416166
15		36		0.332002
15		37		0.256149
15		38		0.186709
15		39		0.121942
15		40		0.060222
15		41		0.000000
16		1		100.000000
16		2		85.876373
16		3		72.808479
16		4		61.354401
16		5		51.622337
16		6		43.475475
16		7		36.689308
16		8		31.034140
16		9		26.307646
16		10		22.342442
16		11		19.003500
16		12		16.182636
16		13		13.792920
16		14		11.763997
16		15		10.038427
16		16		8.568901
16		17		7.316152
16		18		6.247365
16		19		5.334976
16		20		4.555726
16		21		3.889921
16		22		3.320846
16		23		2.834279
16		24		2.418104
16		25		2.061982
16		26		1.757079
16		27		1.495841
16		28		1.271796
16		29		1.079396
16		30		0.913877
16		31		0.771134
16		32		0.647628
16		33		0.540292
16		34		0.446456
16		35		0.363784
16		36		0.290215
16		37		0.223910
16		38		0.163210
16		39		0.106594
16		40		0.052643
16		41		0.000000
17		1		100.000000
17		2		83.051865
17		3		68.077118
17		4		55.718971
17		5		45.807495
17		6		37.906776
17		7		31.577255
17		8		26.458164
17		9		22.274841
17		10		18.823353
17		11		15.952464
17		12		13.548788
17		13		11.525896
17		14		9.816704
17		15		8.368204
17		16		7.137837
17		17		6.090965
17		18		5.199074
17		19		4.438477
17		20		3.789358
17		21		3.235048
17		22		2.761462
17		23		2.356662
17		24		2.010499
17		25		1.714334
17		26		1.460795
17		27		1.243583
17		28		1.057308
17		29		0.897350
17		30		0.759743
17		31		0.641075
17		32		0.538400
17		33		0.449168
17		34		0.371160
17		35		0.302432
17		36		0.241271
17		37		0.186148
17		38		0.135686
17		39		0.088618
17		40		0.043765
17		41		0.000000
18		1		100.000000
18		2		78.254021
18		3		60.729240
18		4		47.636978
18		5		37.982021
18		6		30.767021
18		7		25.254946
18		8		20.946617
18		9		17.510410
18		10		14.723897
18		11		12.434466
18		12		10.534416
18		13		8.945448
18		14		7.609004
18		15		6.480139
18		16		5.523577
18		17		4.711101
18		18		4.019792
18		19		3.430801
18		20		2.928483
18		21		2.499748
18		22		2.133585
18		23		1.820689
18		24		1.553172
18		25		1.324326
18		26		1.128438
18		27		0.960629
18		28		0.816728
18		29		0.693163
18		30		0.586866
18		31		0.495201
18		32		0.415890
18		33		0.346963
18		34		0.286706
18		35		0.233617
18		36		0.186373
18		37		0.143794
18		38		0.104813
18		39		0.068455
18		40		0.033807
18		41		0.000000
19		1		100.000000
19		2		69.235016
19		3		48.948906
19		4		36.117752
19		5		27.716688
19		6		21.924454
19		7		17.729012
19		8		14.563093
19		9		12.096447
19		10		10.127527
19		11		8.527271
19		12		7.209153
19		13		6.112677
19		14		5.193931
19		15		4.419985
19		16		3.765448
19		17		3.210290
19		18		2.738410
19		19		2.336675
19		20		1.994244
19		21		1.702092
19		22		1.452652
19		23		1.239544
19		24		1.057372
19		25		0.901552
19		26		0.768184
19		27		0.653940
19		28		0.555976
19		29		0.471860
19		30		0.399500
19		31		0.337100
19		32		0.283111
19		33		0.236191
19		34		0.195172
19		35		0.159034
19		36		0.126873
19		37		0.097887
19		38		0.071352
19		39		0.046601
19		40		0.023014
19		41		0.000000
20		1		100.000000
20		2		49.737160
20		3		29.713636
20		4		20.168488
20		5		14.842579
20		6		11.485161
20		7		9.173634
20		8		7.480387
20		9		6.184850
20		10		5.162598
20		11		4.338049
20		12		3.662364
20		13		3.102296
20		14		2.634183
20		15		2.240549
20		16		1.908072
20		17		1.626334
20		18		1.387019
20		19		1.183377
20		20		1.009858
20		21		0.861855
20		22		0.735513
20		23		0.627589
20		24		0.535341
20		25		0.456443
20		26		0.388916
20		27		0.331075
20		28		0.281477
20		29		0.238891
20		30		0.202257
20		31		0.170667
20		32		0.143334
20		33		0.119580
20		34		0.098813
20		35		0.080517
20		36		0.064234
20		37		0.049560
20		38		0.036125
20		39		0.023594
20		40		0.011652
20		41		0.000000
21		1		100.000000
21		2		0.000000
21		3		0.000000
21		4		0.000000
21		5		0.000000
21		6		0.000000
21		7		0.000000
21		8		0.000000
21		9		0.000000
21		10		0.000000
21		11		0.000000
21		12		0.000000
21		13		0.000000
21		14		0.000000
21		15		0.000000
21		16		0.000000
21		17		0.000000
21		18		0.000000
21		19		0.000000
21		20		0.000000
21		21		0.000000
21		22		0.000000
21		23		0.000000
21		24		0.000000
21		25		0.000000
21		26		0.000000
21		27		0.000000
21		28		0.000000
21		29		0.000000
21		30		0.000000
21		31		0.000000
21		32		0.000000
21		33		0.000000
21		34		0.000000
21		35		0.000000
21		36		0.000000
21		37		0.000000
21		38		0.000000
21		39		0.000000
21		40		0.000000
21		41		0.000000
