W			i		j		T
0.800000		11		1		100.000000
0.800000		11		2		90.000610
0.800000		11		3		80.250191
0.800000		11		4		70.965889
0.800000		11		5		62.311573
0.800000		11		6		54.390450
0.800000		11		7		47.249416
0.800000		11		8		40.890015
0.800000		11		9		35.281387
0.800000		11		10		30.372181
0.800000		11		11		26.100145
0.800000		11		12		22.399059
0.800000		11		13		19.203369
0.800000		11		14		16.451014
0.800000		11		15		14.084945
0.800000		11		16		12.053777
0.800000		11		17		10.311888
0.800000		11		18		8.819184
0.800000		11		19		7.540682
0.800000		11		20		6.446023
0.800000		11		21		5.508962
0.800000		11		22		4.706876
0.800000		11		23		4.020296
0.800000		11		24		3.432493
0.800000		11		25		2.929103
0.800000		11		26		2.497800
0.800000		11		27		2.128005
0.800000		11		28		1.810638
0.800000		11		29		1.537897
0.800000		11		30		1.303074
0.800000		11		31		1.100388
0.800000		11		32		0.924848
0.800000		11		33		0.772130
0.800000		11		34		0.638469
0.800000		11		35		0.520569
0.800000		11		36		0.415521
0.800000		11		37		0.320734
0.800000		11		38		0.233868
0.800000		11		39		0.152776
0.800000		11		40		0.075457
0.800000		11		41		0.000000
number of iterations is 828

W			i		j		T
0.900000		11		1		100.000000
0.900000		11		2		90.000641
0.900000		11		3		80.250252
0.900000		11		4		70.965988
0.900000		11		5		62.311714
0.900000		11		6		54.390633
0.900000		11		7		47.249634
0.900000		11		8		40.890266
0.900000		11		9		35.281677
0.900000		11		10		30.372505
0.900000		11		11		26.100500
0.900000		11		12		22.399445
0.900000		11		13		19.203785
0.900000		11		14		16.451454
0.900000		11		15		14.085405
0.900000		11		16		12.054257
0.900000		11		17		10.312384
0.900000		11		18		8.819692
0.900000		11		19		7.541197
0.900000		11		20		6.446543
0.900000		11		21		5.509485
0.900000		11		22		4.707397
0.900000		11		23		4.020812
0.900000		11		24		3.433000
0.900000		11		25		2.929599
0.900000		11		26		2.498282
0.900000		11		27		2.128469
0.900000		11		28		1.811082
0.900000		11		29		1.538318
0.900000		11		30		1.303469
0.900000		11		31		1.100755
0.900000		11		32		0.925185
0.900000		11		33		0.772435
0.900000		11		34		0.638740
0.900000		11		35		0.520804
0.900000		11		36		0.415719
0.900000		11		37		0.320894
0.900000		11		38		0.233988
0.900000		11		39		0.152857
0.900000		11		40		0.075497
0.900000		11		41		0.000000
number of iterations is 688

W			i		j		T
1.000000		11		1		100.000000
1.000000		11		2		90.000671
1.000000		11		3		80.250320
1.000000		11		4		70.966095
1.000000		11		5		62.311859
1.000000		11		6		54.390808
1.000000		11		7		47.249847
1.000000		11		8		40.890518
1.000000		11		9		35.281956
1.000000		11		10		30.372810
1.000000		11		11		26.100832
1.000000		11		12		22.399801
1.000000		11		13		19.204161
1.000000		11		14		16.451849
1.000000		11		15		14.085817
1.000000		11		16		12.054682
1.000000		11		17		10.312820
1.000000		11		18		8.820137
1.000000		11		19		7.541649
1.000000		11		20		6.446999
1.000000		11		21		5.509941
1.000000		11		22		4.707851
1.000000		11		23		4.021261
1.000000		11		24		3.433441
1.000000		11		25		2.930030
1.000000		11		26		2.498699
1.000000		11		27		2.128871
1.000000		11		28		1.811466
1.000000		11		29		1.538681
1.000000		11		30		1.303810
1.000000		11		31		1.101072
1.000000		11		32		0.925476
1.000000		11		33		0.772697
1.000000		11		34		0.638972
1.000000		11		35		0.521006
1.000000		11		36		0.415889
1.000000		11		37		0.321031
1.000000		11		38		0.234092
1.000000		11		39		0.152926
1.000000		11		40		0.075532
1.000000		11		41		0.000000
number of iterations is 574

W			i		j		T
1.100000		11		1		100.000000
1.100000		11		2		90.000702
1.100000		11		3		80.250381
1.100000		11		4		70.966187
1.100000		11		5		62.311977
1.100000		11		6		54.390957
1.100000		11		7		47.250015
1.100000		11		8		40.890713
1.100000		11		9		35.282173
1.100000		11		10		30.373051
1.100000		11		11		26.101095
1.100000		11		12		22.400087
1.100000		11		13		19.204466
1.100000		11		14		16.452169
1.100000		11		15		14.086152
1.100000		11		16		12.055026
1.100000		11		17		10.313174
1.100000		11		18		8.820498
1.100000		11		19		7.542015
1.100000		11		20		6.447367
1.100000		11		21		5.510309
1.100000		11		22		4.708217
1.100000		11		23		4.021623
1.100000		11		24		3.433797
1.100000		11		25		2.930377
1.100000		11		26		2.499036
1.100000		11		27		2.129196
1.100000		11		28		1.811775
1.100000		11		29		1.538975
1.100000		11		30		1.304085
1.100000		11		31		1.101328
1.100000		11		32		0.925710
1.100000		11		33		0.772909
1.100000		11		34		0.639160
1.100000		11		35		0.521169
1.100000		11		36		0.416027
1.100000		11		37		0.321142
1.100000		11		38		0.234175
1.100000		11		39		0.152982
1.100000		11		40		0.075560
1.100000		11		41		0.000000
number of iterations is 478

W			i		j		T
1.200000		11		1		100.000000
1.200000		11		2		90.000732
1.200000		11		3		80.250443
1.200000		11		4		70.966278
1.200000		11		5		62.312088
1.200000		11		6		54.391090
1.200000		11		7		47.250179
1.200000		11		8		40.890892
1.200000		11		9		35.282364
1.200000		11		10		30.373264
1.200000		11		11		26.101322
1.200000		11		12		22.400328
1.200000		11		13		19.204720
1.200000		11		14		16.452436
1.200000		11		15		14.086429
1.200000		11		16		12.055317
1.200000		11		17		10.313475
1.200000		11		18		8.820805
1.200000		11		19		7.542324
1.200000		11		20		6.447679
1.200000		11		21		5.510623
1.200000		11		22		4.708529
1.200000		11		23		4.021931
1.200000		11		24		3.434100
1.200000		11		25		2.930673
1.200000		11		26		2.499322
1.200000		11		27		2.129471
1.200000		11		28		1.812039
1.200000		11		29		1.539224
1.200000		11		30		1.304320
1.200000		11		31		1.101545
1.200000		11		32		0.925909
1.200000		11		33		0.773089
1.200000		11		34		0.639320
1.200000		11		35		0.521307
1.200000		11		36		0.416143
1.200000		11		37		0.321236
1.200000		11		38		0.234246
1.200000		11		39		0.153029
1.200000		11		40		0.075584
1.200000		11		41		0.000000
number of iterations is 396

W			i		j		T
1.300000		11		1		100.000000
1.300000		11		2		90.000763
1.300000		11		3		80.250488
1.300000		11		4		70.966331
1.300000		11		5		62.312172
1.300000		11		6		54.391190
1.300000		11		7		47.250290
1.300000		11		8		40.891022
1.300000		11		9		35.282524
1.300000		11		10		30.373436
1.300000		11		11		26.101515
1.300000		11		12		22.400537
1.300000		11		13		19.204943
1.300000		11		14		16.452673
1.300000		11		15		14.086678
1.300000		11		16		12.055573
1.300000		11		17		10.313738
1.300000		11		18		8.821074
1.300000		11		19		7.542599
1.300000		11		20		6.447954
1.300000		11		21		5.510899
1.300000		11		22		4.708804
1.300000		11		23		4.022202
1.300000		11		24		3.434367
1.300000		11		25		2.930933
1.300000		11		26		2.499575
1.300000		11		27		2.129714
1.300000		11		28		1.812271
1.300000		11		29		1.539444
1.300000		11		30		1.304525
1.300000		11		31		1.101735
1.300000		11		32		0.926084
1.300000		11		33		0.773246
1.300000		11		34		0.639460
1.300000		11		35		0.521428
1.300000		11		36		0.416245
1.300000		11		37		0.321317
1.300000		11		38		0.234307
1.300000		11		39		0.153070
1.300000		11		40		0.075604
1.300000		11		41		0.000000
number of iterations is 325

W			i		j		T
1.400000		11		1		100.000000
1.400000		11		2		90.000778
1.400000		11		3		80.250519
1.400000		11		4		70.966385
1.400000		11		5		62.312237
1.400000		11		6		54.391281
1.400000		11		7		47.250408
1.400000		11		8		40.891159
1.400000		11		9		35.282665
1.400000		11		10		30.373596
1.400000		11		11		26.101688
1.400000		11		12		22.400719
1.400000		11		13		19.205139
1.400000		11		14		16.452877
1.400000		11		15		14.086889
1.400000		11		16		12.055793
1.400000		11		17		10.313963
1.400000		11		18		8.821302
1.400000		11		19		7.542830
1.400000		11		20		6.448190
1.400000		11		21		5.511133
1.400000		11		22		4.709037
1.400000		11		23		4.022433
1.400000		11		24		3.434592
1.400000		11		25		2.931153
1.400000		11		26		2.499788
1.400000		11		27		2.129920
1.400000		11		28		1.812466
1.400000		11		29		1.539628
1.400000		11		30		1.304698
1.400000		11		31		1.101895
1.400000		11		32		0.926230
1.400000		11		33		0.773378
1.400000		11		34		0.639576
1.400000		11		35		0.521529
1.400000		11		36		0.416329
1.400000		11		37		0.321385
1.400000		11		38		0.234359
1.400000		11		39		0.153105
1.400000		11		40		0.075621
1.400000		11		41		0.000000
number of iterations is 262

W			i		j		T
1.500000		11		1		100.000000
1.500000		11		2		90.000778
1.500000		11		3		80.250534
1.500000		11		4		70.966400
1.500000		11		5		62.312260
1.500000		11		6		54.391327
1.500000		11		7		47.250458
1.500000		11		8		40.891220
1.500000		11		9		35.282753
1.500000		11		10		30.373695
1.500000		11		11		26.101795
1.500000		11		12		22.400841
1.500000		11		13		19.205269
1.500000		11		14		16.453018
1.500000		11		15		14.087035
1.500000		11		16		12.055943
1.500000		11		17		10.314117
1.500000		11		18		8.821463
1.500000		11		19		7.542994
1.500000		11		20		6.448355
1.500000		11		21		5.511299
1.500000		11		22		4.709203
1.500000		11		23		4.022598
1.500000		11		24		3.434756
1.500000		11		25		2.931313
1.500000		11		26		2.499943
1.500000		11		27		2.130069
1.500000		11		28		1.812609
1.500000		11		29		1.539764
1.500000		11		30		1.304825
1.500000		11		31		1.102013
1.500000		11		32		0.926338
1.500000		11		33		0.773476
1.500000		11		34		0.639663
1.500000		11		35		0.521604
1.500000		11		36		0.416392
1.500000		11		37		0.321436
1.500000		11		38		0.234397
1.500000		11		39		0.153130
1.500000		11		40		0.075634
1.500000		11		41		0.000000
number of iterations is 204

W			i		j		T
1.600000		11		1		100.000000
1.600000		11		2		90.000793
1.600000		11		3		80.250580
1.600000		11		4		70.966476
1.600000		11		5		62.312359
1.600000		11		6		54.391430
1.600000		11		7		47.250580
1.600000		11		8		40.891357
1.600000		11		9		35.282894
1.600000		11		10		30.373852
1.600000		11		11		26.101967
1.600000		11		12		22.401022
1.600000		11		13		19.205460
1.600000		11		14		16.453217
1.600000		11		15		14.087241
1.600000		11		16		12.056158
1.600000		11		17		10.314337
1.600000		11		18		8.821683
1.600000		11		19		7.543217
1.600000		11		20		6.448577
1.600000		11		21		5.511519
1.600000		11		22		4.709422
1.600000		11		23		4.022812
1.600000		11		24		3.434964
1.600000		11		25		2.931514
1.600000		11		26		2.500137
1.600000		11		27		2.130254
1.600000		11		28		1.812784
1.600000		11		29		1.539928
1.600000		11		30		1.304978
1.600000		11		31		1.102154
1.600000		11		32		0.926466
1.600000		11		33		0.773590
1.600000		11		34		0.639763
1.600000		11		35		0.521690
1.600000		11		36		0.416464
1.600000		11		37		0.321493
1.600000		11		38		0.234439
1.600000		11		39		0.153158
1.600000		11		40		0.075648
1.600000		11		41		0.000000
number of iterations is 153

W			i		j		T
1.700000		11		1		100.000000
1.700000		11		2		90.000809
1.700000		11		3		80.250580
1.700000		11		4		70.966499
1.700000		11		5		62.312397
1.700000		11		6		54.391483
1.700000		11		7		47.250641
1.700000		11		8		40.891434
1.700000		11		9		35.282990
1.700000		11		10		30.373953
1.700000		11		11		26.102079
1.700000		11		12		22.401142
1.700000		11		13		19.205585
1.700000		11		14		16.453354
1.700000		11		15		14.087389
1.700000		11		16		12.056308
1.700000		11		17		10.314494
1.700000		11		18		8.821846
1.700000		11		19		7.543381
1.700000		11		20		6.448740
1.700000		11		21		5.511683
1.700000		11		22		4.709582
1.700000		11		23		4.022969
1.700000		11		24		3.435117
1.700000		11		25		2.931664
1.700000		11		26		2.500279
1.700000		11		27		2.130389
1.700000		11		28		1.812912
1.700000		11		29		1.540048
1.700000		11		30		1.305089
1.700000		11		31		1.102255
1.700000		11		32		0.926557
1.700000		11		33		0.773672
1.700000		11		34		0.639834
1.700000		11		35		0.521751
1.700000		11		36		0.416514
1.700000		11		37		0.321533
1.700000		11		38		0.234469
1.700000		11		39		0.153178
1.700000		11		40		0.075658
1.700000		11		41		0.000000
number of iterations is 102

W			i		j		T
1.800000		11		1		100.000000
1.800000		11		2		90.000816
1.800000		11		3		80.250618
1.800000		11		4		70.966522
1.800000		11		5		62.312405
1.800000		11		6		54.391502
1.800000		11		7		47.250717
1.800000		11		8		40.891563
1.800000		11		9		35.283131
1.800000		11		10		30.374109
1.800000		11		11		26.102266
1.800000		11		12		22.401363
1.800000		11		13		19.205828
1.800000		11		14		16.453590
1.800000		11		15		14.087594
1.800000		11		16		12.056552
1.800000		11		17		10.314741
1.800000		11		18		8.822079
1.800000		11		19		7.543614
1.800000		11		20		6.448962
1.800000		11		21		5.511897
1.800000		11		22		4.709782
1.800000		11		23		4.023159
1.800000		11		24		3.435294
1.800000		11		25		2.931835
1.800000		11		26		2.500442
1.800000		11		27		2.130534
1.800000		11		28		1.813041
1.800000		11		29		1.540166
1.800000		11		30		1.305195
1.800000		11		31		1.102348
1.800000		11		32		0.926639
1.800000		11		33		0.773742
1.800000		11		34		0.639894
1.800000		11		35		0.521801
1.800000		11		36		0.416555
1.800000		11		37		0.321564
1.800000		11		38		0.234491
1.800000		11		39		0.153192
1.800000		11		40		0.075664
1.800000		11		41		0.000000
number of iterations is 56

W			i		j		T
1.900000		11		1		100.000000
1.900000		11		2		90.000877
1.900000		11		3		80.250710
1.900000		11		4		70.966690
1.900000		11		5		62.312672
1.900000		11		6		54.391777
1.900000		11		7		47.250946
1.900000		11		8		40.891724
1.900000		11		9		35.283279
1.900000		11		10		30.374235
1.900000		11		11		26.102358
1.900000		11		12		22.401409
1.900000		11		13		19.205860
1.900000		11		14		16.453651
1.900000		11		15		14.087687
1.900000		11		16		12.056589
1.900000		11		17		10.314775
1.900000		11		18		8.822125
1.900000		11		19		7.543660
1.900000		11		20		6.449022
1.900000		11		21		5.511938
1.900000		11		22		4.709803
1.900000		11		23		4.023196
1.900000		11		24		3.435326
1.900000		11		25		2.931855
1.900000		11		26		2.500456
1.900000		11		27		2.130545
1.900000		11		28		1.813050
1.900000		11		29		1.540163
1.900000		11		30		1.305179
1.900000		11		31		1.102358
1.900000		11		32		0.926636
1.900000		11		33		0.773733
1.900000		11		34		0.639886
1.900000		11		35		0.521787
1.900000		11		36		0.416544
1.900000		11		37		0.321552
1.900000		11		38		0.234481
1.900000		11		39		0.153183
1.900000		11		40		0.075660
1.900000		11		41		0.000000
number of iterations is 121

